(2000, 3840, 2360, 3720, 64623104000)
(2001, 3460, 2313, 3334, 49433742001)
(2005, 3398, 2525, 3148, 47294830917)
(2006, 3888, 3030, 3392, 66845339288)
(2006, 3960, 3131, 3405, 70171352216)
(2007, 2934, 2463, 2640, 33341210847)
(2008, 3752, 3024, 3216, 60915179520)
(2009, 3610, 2897, 3136, 55154367729)
(2010, 3176, 2643, 2789, 40156836776)
(2010, 3642, 2958, 3126, 56428686288)
(2011, 3917, 2864, 3550, 68230823544)
(2012, 3760, 2620, 3512, 61302241728)
(2014, 2823, 2358, 2599, 30666594511)
(2014, 3110, 2306, 2962, 38249409744)
(2014, 3170, 2292, 3036, 40024191744)
(2016, 3312, 2688, 2928, 44524007424)
(2020, 3050, 2458, 2792, 36615033000)
(2021, 3483, 2300, 3372, 50507934848)
(2022, 3306, 2208, 3228, 44400291264)
(2022, 3810, 2349, 3699, 63573255648)
(2025, 3030, 2490, 2745, 36121892625)
(2025, 3784, 2857, 3396, 62485559929)
(2026, 3204, 2602, 2868, 41207107240)
(2026, 3942, 2440, 3804, 69572246464)
(2027, 3994, 2851, 3656, 72040825467)
(2028, 2925, 2197, 2834, 33365929077)
(2032, 3300, 2532, 3040, 44327176768)
(2033, 2712, 2196, 2609, 28349178065)
(2034, 3966, 3060, 3480, 70796808000)
(2038, 2778, 2400, 2524, 29903333824)
(2040, 3280, 2560, 3000, 43777216000)
(2044, 3444, 2898, 2926, 49389453568)
(2044, 3869, 2757, 3570, 66455385093)
(2046, 3597, 2970, 3069, 55104250509)
(2046, 3771, 2124, 3747, 62190076347)
(2046, 3993, 2332, 3905, 72229380993)
(2048, 3411, 2822, 2955, 48276650123)
(2049, 3914, 3240, 3257, 68562639593)
(2050, 3936, 2419, 3813, 69592014856)
(2052, 3363, 2634, 3051, 46675117755)
(2052, 3616, 2934, 3130, 55921213504)
(2052, 3807, 2295, 3726, 63816163551)
(2052, 3906, 2636, 3682, 68233566024)
(2052, 3922, 2608, 3714, 68968898056)
(2056, 3530, 2890, 3056, 52677968616)
(2057, 3847, 3090, 3306, 65637005616)
(2057, 3876, 3162, 3281, 66934284569)
(2057, 3956, 2930, 3569, 70614826009)
(2058, 3226, 2142, 3190, 42289606288)
(2058, 3381, 2744, 2989, 47365134453)
(2060, 2971, 2523, 2664, 34966360611)
(2060, 3355, 2395, 3200, 46505779875)
(2062, 3092, 2663, 2689, 38328257016)
(2062, 3184, 2452, 2974, 41046235832)
(2065, 3759, 2884, 3360, 61920599104)
(2067, 3952, 2899, 3588, 70554772171)
(2068, 3278, 2475, 3069, 44067099384)
(2070, 2762, 2276, 2628, 29940057728)
(2072, 3654, 2135, 3633, 57682647512)
(2074, 3798, 2272, 3732, 63706666816)
(2075, 3060, 2435, 2850, 37586787875)
(2075, 3945, 2957, 3543, 70330305500)
(2076, 2826, 2160, 2778, 31516310952)
(2079, 3612, 2520, 3423, 56110055967)
(2082, 3938, 2553, 3767, 70094785040)
(2084, 3496, 2532, 3288, 51779096640)
(2086, 3876, 2502, 3724, 67307617432)
(2088, 3123, 2466, 2907, 39562167339)
(2088, 3780, 2646, 3546, 63113297472)
(2091, 3362, 2624, 3075, 47143273499)
(2091, 3749, 2606, 3534, 61834638320)
(2096, 3154, 2530, 2900, 40583277000)
(2096, 3282, 2628, 2978, 44560322504)
(2097, 3954, 2766, 3681, 71038661337)
(2100, 2495, 2247, 2378, 24792437375)
(2100, 3018, 2352, 2874, 36749921832)
(2100, 3450, 2800, 3050, 50324625000)
(2103, 3616, 2500, 3447, 56581595623)
(2103, 3953, 2952, 3566, 71071150904)
(2104, 2892, 2130, 2878, 33501737152)
(2104, 2903, 2230, 2831, 33778789191)
(2105, 2913, 2475, 2663, 34045770122)
(2108, 3706, 3060, 3162, 60267063528)
(2109, 3034, 2566, 2733, 37309024333)
(2115, 3360, 2398, 3227, 47393926875)
(2118, 3433, 2776, 3057, 49960770769)
(2120, 3700, 2414, 3586, 60181128000)
(2121, 3199, 2758, 2772, 42278907160)
(2122, 3530, 2466, 3378, 53542096848)
(2124, 3747, 2046, 3771, 62190076347)
(2125, 2840, 2410, 2645, 32502007125)
(2128, 3948, 2380, 3864, 71172708544)
(2128, 3983, 2982, 3591, 72823864239)
(2130, 2878, 2104, 2892, 33501737152)
(2131, 3925, 3184, 3358, 70144292216)
(2134, 3050, 2532, 2796, 38090767104)
(2135, 3633, 2072, 3654, 57682647512)
(2136, 2932, 2248, 2868, 34950793024)
(2136, 3921, 3270, 3273, 70027890417)
(2142, 3190, 2058, 3226, 42289606288)
(2142, 3444, 2688, 3150, 50677599672)
(2142, 3519, 2856, 3111, 53404894647)
(2143, 3428, 2335, 3344, 50124676959)
(2144, 2664, 2220, 2612, 28761532928)
(2148, 2804, 2382, 2642, 31956880256)
(2148, 3079, 2439, 2908, 39100327831)
(2149, 2982, 2541, 2716, 36441424117)
(2152, 2571, 2286, 2467, 26960551219)
(2154, 2760, 2448, 2538, 31018524264)
(2157, 2796, 2453, 2578, 31893818229)
(2160, 2778, 2076, 2826, 31516310952)
(2160, 3232, 2656, 2928, 43838599168)
(2160, 3638, 2972, 3174, 58226786072)
(2160, 3846, 2934, 3468, 66966635736)
(2162, 2761, 2313, 2658, 31153152609)
(2162, 2973, 2229, 2936, 36383256845)
(2163, 3469, 2760, 3136, 51865555456)
(2164, 2985, 2497, 2766, 36730808569)
(2170, 3815, 3150, 3255, 65742681375)
(2172, 3024, 2590, 2738, 37899790272)
(2172, 3152, 2486, 2970, 41562040256)
(2172, 3488, 2514, 3326, 52682102720)
(2172, 3712, 2776, 3420, 61394032576)
(2172, 3834, 2378, 3760, 66604690152)
(2173, 3155, 2414, 3022, 41665700592)
(2176, 3056, 2684, 2692, 38843707392)
(2178, 2766, 2396, 2608, 31493734848)
(2178, 3784, 2640, 3586, 64513538056)
(2178, 3996, 2835, 3717, 74139935688)
(2180, 3392, 2903, 2921, 49387444288)
(2184, 3150, 2366, 3052, 41673240504)
(2184, 3588, 2912, 3172, 56608358976)
(2189, 2715, 2432, 2526, 30501953144)
(2189, 3894, 2288, 3861, 69534718253)
(2190, 3690, 3105, 3135, 60746868000)
(2193, 2578, 2241, 2542, 27680287609)
(2193, 3526, 2752, 3225, 54384298633)
(2194, 3872, 3218, 3280, 68611628232)
(2196, 2609, 2033, 2712, 28349178065)
(2196, 3240, 2670, 2946, 44602249536)
(2196, 3547, 2971, 3072, 55215573859)
(2197, 2834, 2028, 2925, 33365929077)
(2200, 3384, 2884, 2940, 49399727104)
(2204, 3990, 2793, 3743, 74227384664)
(2208, 3228, 2022, 3306, 44400291264)
(2210, 3086, 2288, 3044, 40183061056)
(2214, 3049, 2545, 2832, 39197302993)
(2214, 3630, 2466, 3522, 58684723344)
(2216, 3982, 2560, 3854, 74021895864)
(2220, 2612, 2144, 2664, 28761532928)
(2220, 3391, 2391, 3310, 49933753471)
(2220, 3850, 2410, 3780, 68007673000)
(2220, 3867, 3091, 3398, 68766963363)
(2226, 3657, 2968, 3233, 59937433569)
(2229, 2936, 2162, 2973, 36383256845)
(2230, 2831, 2104, 2903, 33778789191)
(2232, 3462, 2916, 3030, 52613038296)
(2232, 3879, 2343, 3840, 69485351607)
(2232, 3924, 3240, 3348, 71540304192)
(2232, 3962, 2604, 3818, 73312704296)
(2234, 3090, 2673, 2783, 40652977904)
(2234, 3888, 2252, 3882, 69922471976)
(2235, 2810, 2475, 2630, 33352368875)
(2235, 3532, 2811, 3208, 55226112643)
(2235, 3948, 2811, 3696, 72700635267)
(2238, 3170, 2540, 2988, 43064358272)
(2239, 3826, 2728, 3607, 67230421895)
(2241, 2542, 2193, 2578, 27680287609)
(2244, 3608, 2816, 3300, 58267474496)
(2247, 2378, 2100, 2495, 24792437375)
(2248, 2868, 2136, 2932, 34950793024)
(2248, 3162, 2763, 2797, 42974724520)
(2248, 3608, 2935, 3209, 58328008704)
(2250, 3104, 2708, 2778, 41297093864)
(2252, 3592, 2984, 3148, 57766677696)
(2252, 3882, 2234, 3888, 69922471976)
(2254, 3440, 2897, 3031, 52159067064)
(2256, 3576, 2700, 3348, 57211080192)
(2260, 3880, 2992, 3508, 69954248000)
(2265, 3951, 2292, 3942, 73296653976)
(2268, 3356, 2670, 3122, 49463934848)
(2268, 3726, 3024, 3294, 63394534008)
(2269, 3260, 2636, 3037, 46327607109)
(2271, 3840, 3207, 3282, 68335652511)
(2272, 3732, 2074, 3798, 63706666816)
(2276, 2628, 2070, 2762, 29940057728)
(2277, 3956, 2760, 3749, 73716774749)
(2280, 2706, 2498, 2524, 31666863816)
(2280, 2816, 2472, 2672, 34182826496)
(2285, 3060, 2357, 3018, 40583115125)
(2286, 2467, 2152, 2571, 26960551219)
(2286, 3513, 2588, 3361, 55300696353)
(2286, 3858, 2832, 3600, 69369274368)
(2288, 3040, 2412, 2964, 40072015872)
(2288, 3044, 2210, 3086, 40183061056)
(2288, 3861, 2189, 3894, 69534718253)
(2289, 3535, 2968, 3108, 56167418944)
(2292, 3036, 2014, 3170, 40024191744)
(2292, 3660, 2792, 3400, 61068377088)
(2292, 3916, 2712, 3736, 72092560384)
(2292, 3942, 2265, 3951, 73296653976)
(2295, 3434, 2822, 3111, 52582772879)
(2295, 3529, 2404, 3480, 56037427264)
(2295, 3690, 2880, 3375, 62331231375)
(2295, 3726, 2052, 3807, 63816163551)
(2295, 3888, 3167, 3394, 70860945447)
(2300, 3372, 2021, 3483, 50507934848)
(2300, 3544, 2998, 3098, 56679413184)
(2303, 3225, 2484, 3122, 45756687752)
(2306, 2962, 2014, 3110, 38249409744)
(2309, 3810, 2616, 3677, 67616730629)
(2310, 3795, 3080, 3355, 66982075875)
(2313, 2658, 2162, 2761, 31153152609)
(2313, 3334, 2001, 3460, 49433742001)
(2314, 3061, 2605, 2860, 41071251125)
(2319, 3102, 2423, 3040, 42319724967)
(2320, 3470, 2740, 3230, 54269091000)
(2322, 3567, 2840, 3271, 57904175511)
(2322, 3810, 2811, 3573, 67825831248)
(2328, 3244, 2796, 2920, 46755142336)
(2330, 3468, 2915, 3093, 54359056232)
(2330, 3564, 2564, 3450, 57919607144)
(2332, 3514, 2683, 3325, 56073499112)
(2332, 3905, 2046, 3993, 72229380993)
(2333, 3920, 3269, 3362, 72934548037)
(2334, 3464, 2463, 3401, 54280157048)
(2335, 3344, 2143, 3428, 50124676959)
(2336, 3018, 2615, 2817, 40236230888)
(2336, 3572, 2840, 3284, 58323114304)
(2336, 3936, 3312, 3344, 73724198912)
(2339, 3786, 2670, 3635, 67064235875)
(2340, 3375, 2535, 3270, 51256263375)
(2343, 3840, 2232, 3879, 69485351607)
(2344, 3126, 2502, 3028, 43425607960)
(2346, 3216, 2745, 2943, 46173699432)
(2346, 3772, 2944, 3450, 66579673384)
(2349, 3139, 2590, 2982, 43890889168)
(2349, 3699, 2022, 3810, 63573255648)
(2351, 3932, 2735, 3764, 73785623119)
(2352, 2874, 2100, 3018, 36749921832)
(2352, 3864, 3136, 3416, 70702474752)
(2357, 2928, 2454, 2861, 38196476045)
(2357, 3018, 2285, 3060, 40583115125)
(2358, 2599, 2014, 2823, 30666594511)
(2358, 3648, 2612, 3526, 61658100504)
(2358, 3816, 2614, 3704, 68678909208)
(2359, 3857, 2576, 3766, 70506018072)
(2360, 3720, 2000, 3840, 64623104000)
(2360, 3984, 2963, 3693, 76379323904)
(2365, 3584, 2742, 3381, 59264657829)
(2366, 3052, 2184, 3150, 41673240504)
(2370, 3056, 2556, 2930, 41852452616)
(2373, 3459, 2772, 3222, 54748500696)
(2374, 3620, 2508, 3558, 60817497624)
(2375, 3918, 3194, 3447, 73540621007)
(2376, 2703, 2487, 2610, 33162096303)
(2376, 3206, 2604, 3062, 46366079192)
(2378, 3760, 2172, 3834, 66604690152)
(2378, 3830, 2636, 3716, 69629201152)
(2380, 3864, 2128, 3948, 71172708544)
(2382, 2642, 2148, 2804, 31956880256)
(2382, 2877, 2576, 2725, 37328587101)
(2382, 3736, 3070, 3324, 65661239224)
(2385, 3920, 2705, 3780, 73802704625)
(2388, 3880, 3151, 3441, 72028747072)
(2391, 3310, 2220, 3391, 49933753471)
(2391, 3609, 2790, 3390, 60675858000)
(2394, 3933, 3192, 3477, 74558146221)
(2395, 3200, 2060, 3355, 46505779875)
(2395, 3365, 2700, 3180, 51840432000)
(2395, 3489, 2953, 3123, 56209799044)
(2396, 2608, 2178, 2766, 31493734848)
(2397, 3854, 3008, 3525, 71016904637)
(2398, 3227, 2115, 3360, 47393926875)
(2399, 3404, 2780, 3167, 53249610463)
(2400, 2524, 2038, 2778, 29903333824)
(2400, 3228, 2456, 3196, 47459708352)
(2403, 3720, 2836, 3491, 65354752827)
(2403, 3813, 2790, 3624, 69312993624)
(2403, 3981, 2718, 3846, 76968229968)
(2404, 3480, 2295, 3529, 56037427264)
(2406, 2961, 2649, 2772, 39888569097)
(2410, 2645, 2125, 2840, 32502007125)
(2410, 3461, 2965, 3086, 55455182181)
(2410, 3728, 3096, 3306, 65809205352)
(2410, 3780, 2220, 3850, 68007673000)
(2412, 2964, 2288, 3040, 40072015872)
(2414, 3022, 2173, 3155, 41665700592)
(2414, 3378, 2724, 3188, 52613300096)
(2414, 3586, 2120, 3700, 60181128000)
(2419, 3813, 2050, 3936, 69592014856)
(2420, 3375, 2735, 3180, 52615847375)
(2421, 3531, 2754, 3342, 58214434752)
(2422, 3297, 2520, 3241, 50046734521)
(2423, 3040, 2319, 3102, 42319724967)
(2423, 3409, 2982, 3012, 53842207896)
(2424, 3656, 3152, 3168, 63110205440)
(2426, 3938, 2753, 3791, 75348054448)
(2430, 3636, 2988, 3294, 62418630456)
(2430, 3694, 2722, 3546, 64755886384)
(2430, 3804, 3075, 3429, 69394369464)
(2431, 3548, 2896, 3263, 59029931583)
(2431, 3926, 2887, 3704, 74879935767)
(2432, 2526, 2189, 2715, 30501953144)
(2433, 3456, 2945, 3112, 55680359553)
(2435, 2850, 2075, 3060, 37586787875)
(2436, 3534, 2558, 3472, 58592135160)
(2439, 2908, 2148, 3079, 39100327831)
(2440, 3548, 2776, 3356, 59190086592)
(2440, 3804, 2026, 3942, 69572246464)
(2444, 3874, 2925, 3627, 72738856008)
(2448, 2538, 2154, 2760, 31018524264)
(2448, 3765, 2820, 3573, 68039861517)
(2448, 3936, 3072, 3600, 75647029248)
(2450, 3521, 2744, 3353, 58357514761)
(2452, 2974, 2062, 3184, 41046235832)
(2452, 3816, 2676, 3712, 70310211904)
(2453, 2578, 2157, 2796, 31893818229)
(2454, 2861, 2357, 2928, 38196476045)
(2454, 3129, 2625, 3012, 45413188353)
(2456, 3196, 2400, 3228, 47459708352)
(2456, 3408, 2904, 3104, 54396528128)
(2458, 2792, 2020, 3050, 36615033000)
(2459, 3678, 2955, 3386, 64623610331)
(2461, 2868, 2542, 2805, 38495614213)
(2463, 2640, 2007, 2934, 33341210847)
(2463, 3401, 2334, 3464, 54280157048)
(2465, 2944, 2508, 2913, 40493943009)
(2466, 2907, 2088, 3123, 39562167339)
(2466, 3027, 2595, 2934, 42731711379)
(2466, 3378, 2122, 3530, 53542096848)
(2466, 3512, 2540, 3474, 58313644424)
(2466, 3522, 2214, 3630, 58684723344)
(2472, 2672, 2280, 2816, 34182826496)
(2475, 2630, 2235, 2810, 33352368875)
(2475, 2663, 2105, 2913, 34045770122)
(2475, 3069, 2068, 3278, 44067099384)
(2476, 3948, 3034, 3654, 76715613568)
(2480, 3888, 3204, 3452, 74026115072)
(2481, 3291, 2783, 3085, 50915221812)
(2484, 3122, 2303, 3225, 45756687752)
(2486, 2970, 2172, 3152, 41562040256)
(2487, 2610, 2376, 2703, 33162096303)
(2490, 2745, 2025, 3030, 36121892625)
(2490, 3298, 2614, 3222, 51309948592)
(2490, 3672, 2922, 3420, 64949969448)
(2491, 3683, 2877, 3465, 65414869758)
(2494, 3602, 2984, 3292, 62246572992)
(2495, 2914, 2664, 2775, 40275365319)
(2496, 3600, 2704, 3488, 62206119936)
(2497, 2766, 2164, 2985, 36730808569)
(2498, 2524, 2280, 2706, 31666863816)
(2500, 3447, 2103, 3616, 56581595623)
(2502, 3028, 2344, 3126, 43425607960)
(2502, 3724, 2086, 3876, 67307617432)
(2505, 3847, 2526, 3838, 72652264048)
(2508, 2913, 2465, 2944, 40493943009)
(2508, 3558, 2374, 3620, 60817497624)
(2509, 3848, 3050, 3541, 72772094421)
(2511, 2962, 2719, 2790, 41819099959)
(2513, 3220, 2856, 2961, 49256267697)
(2514, 3326, 2172, 3488, 52682102720)
(2520, 3241, 2422, 3297, 50046734521)
(2520, 3423, 2079, 3612, 56110055967)
(2523, 2664, 2060, 2971, 34966360611)
(2525, 3148, 2005, 3398, 47294830917)
(2525, 3795, 2922, 3578, 70754138000)
(2526, 3397, 2677, 3306, 55317639349)
(2526, 3593, 3044, 3249, 62501956433)
(2526, 3838, 2505, 3847, 72652264048)
(2530, 2900, 2096, 3154, 40583277000)
(2532, 2796, 2134, 3050, 38090767104)
(2532, 3040, 2032, 3300, 44327176768)
(2532, 3288, 2084, 3496, 51779096640)
(2533, 3951, 3267, 3505, 77928647788)
(2534, 3888, 2751, 3785, 75044332376)
(2535, 3270, 2340, 3375, 51256263375)
(2540, 2988, 2238, 3170, 43064358272)
(2540, 3474, 2466, 3512, 58313644424)
(2540, 3742, 3243, 3261, 68784658488)
(2541, 2716, 2149, 2982, 36441424117)
(2541, 3726, 3213, 3270, 68134767597)
(2542, 2805, 2461, 2868, 38495614213)
(2542, 3800, 2893, 3611, 71297804088)
(2544, 3462, 2980, 3158, 57958212312)
(2545, 2832, 2214, 3049, 39197302993)
(2545, 3239, 2716, 3122, 50464769544)
(2545, 3887, 2678, 3826, 75211813728)
(2550, 3408, 2892, 3174, 56163468312)
(2550, 3681, 3177, 3252, 66458045241)
(2552, 3817, 3014, 3553, 72232160121)
(2553, 3767, 2082, 3938, 70094785040)
(2556, 2930, 2370, 3056, 41852452616)
(2556, 3960, 3352, 3452, 78797831616)
(2558, 3208, 2896, 2942, 49752300024)
(2558, 3472, 2436, 3534, 58592135160)
(2560, 3000, 2040, 3280, 43777216000)
(2560, 3854, 2216, 3982, 74021895864)
(2562, 3780, 3115, 3437, 70826720328)
(2564, 3450, 2330, 3564, 57919607144)
(2565, 3168, 2781, 3006, 48670469757)
(2565, 3838, 3154, 3477, 73410388597)
(2566, 2733, 2109, 3034, 37309024333)
(2572, 3802, 2794, 3688, 71972938856)
(2576, 2725, 2382, 2877, 37328587101)
(2576, 3766, 2359, 3857, 70506018072)
(2579, 3717, 3135, 3353, 68507953352)
(2582, 3714, 2733, 3635, 68443639712)
(2586, 3577, 2929, 3360, 63061067089)
(2588, 3361, 2286, 3513, 55300696353)
(2590, 2738, 2172, 3024, 37899790272)
(2590, 2982, 2349, 3139, 43890889168)
(2595, 2934, 2466, 3027, 42731711379)
(2595, 3294, 2794, 3155, 53216131059)
(2595, 3502, 3106, 3123, 60423336883)
(2601, 3072, 2673, 3018, 46587317049)
(2602, 2868, 2026, 3204, 41207107240)
(2604, 3062, 2376, 3206, 46366079192)
(2604, 3818, 2232, 3962, 73312704296)
(2605, 2860, 2314, 3061, 41071251125)
(2606, 3534, 2091, 3749, 61834638320)
(2608, 3714, 2052, 3922, 68968898056)
(2610, 3961, 3142, 3657, 79925773681)
(2612, 3526, 2358, 3648, 61658100504)
(2614, 3222, 2490, 3298, 51309948592)
(2614, 3704, 2358, 3816, 68678909208)
(2615, 2817, 2336, 3018, 40236230888)
(2616, 3677, 2309, 3810, 67616730629)
(2617, 3573, 2959, 3351, 63537112630)
(2620, 3512, 2012, 3760, 61302241728)
(2624, 3075, 2091, 3362, 47143273499)
(2624, 3912, 3156, 3596, 77935473152)
(2625, 3012, 2454, 3129, 45413188353)
(2628, 2978, 2096, 3282, 44560322504)
(2628, 3512, 3044, 3216, 61467490880)
(2634, 3051, 2052, 3363, 46675117755)
(2636, 3037, 2269, 3260, 46327607109)
(2636, 3682, 2052, 3906, 68233566024)
(2636, 3716, 2378, 3830, 69629201152)
(2637, 3172, 2893, 2964, 50252433301)
(2640, 3586, 2178, 3784, 64513538056)
(2643, 2789, 2010, 3176, 40156836776)
(2646, 3546, 2088, 3780, 63113297472)
(2649, 2772, 2406, 2961, 39888569097)
(2652, 3432, 2876, 3280, 59076029376)
(2652, 3825, 2873, 3706, 74613932433)
(2656, 2928, 2160, 3232, 43838599168)
(2661, 3555, 3168, 3174, 63770509656)
(2663, 2689, 2062, 3092, 38328257016)
(2664, 2775, 2495, 2914, 40275365319)
(2664, 3050, 2816, 2922, 47278755944)
(2670, 2946, 2196, 3240, 44602249536)
(2670, 3122, 2268, 3356, 49463934848)
(2670, 3635, 2339, 3786, 67064235875)
(2670, 3665, 2810, 3585, 68263267625)
(2673, 2783, 2234, 3090, 40652977904)
(2673, 3018, 2601, 3072, 46587317049)
(2676, 3712, 2452, 3816, 70310211904)
(2676, 3912, 3284, 3520, 79031018304)
(2677, 3306, 2526, 3397, 55317639349)
(2678, 3826, 2545, 3887, 75211813728)
(2680, 3330, 2775, 3265, 56174869000)
(2680, 3719, 2895, 3594, 70686175959)
(2682, 3372, 2970, 3156, 57632893416)
(2682, 3717, 3236, 3325, 70646361381)
(2683, 3325, 2332, 3514, 56073499112)
(2684, 2692, 2176, 3056, 38843707392)
(2686, 3580, 3022, 3352, 65261116856)
(2688, 2928, 2016, 3312, 44524007424)
(2688, 3150, 2142, 3444, 50677599672)
(2692, 3806, 2910, 3684, 74640888504)
(2698, 3494, 2976, 3300, 62294170176)
(2700, 3180, 2395, 3365, 51840432000)
(2700, 3348, 2256, 3576, 57211080192)
(2700, 3476, 3134, 3138, 61682034176)
(2704, 3488, 2496, 3600, 62206119936)
(2705, 3780, 2385, 3920, 73802704625)
(2708, 2778, 2250, 3104, 41297093864)
(2708, 3312, 3039, 3041, 56188946240)
(2712, 3736, 2292, 3916, 72092560384)
(2716, 3122, 2545, 3239, 50464769544)
(2718, 3846, 2403, 3981, 76968229968)
(2719, 2790, 2511, 2962, 41819099959)
(2720, 3820, 3355, 3365, 75866616000)
(2722, 3546, 2430, 3694, 64755886384)
(2724, 3188, 2414, 3378, 52613300096)
(2727, 3641, 3126, 3362, 68547718304)
(2728, 3483, 2971, 3312, 62555011939)
(2728, 3607, 2239, 3826, 67230421895)
(2733, 3635, 2582, 3714, 68443639712)
(2735, 3180, 2420, 3375, 52615847375)
(2735, 3764, 2351, 3932, 73785623119)
(2740, 3230, 2320, 3470, 54269091000)
(2742, 3216, 2950, 3044, 53877884184)
(2742, 3381, 2365, 3584, 59264657829)
(2742, 3764, 3296, 3366, 73943110232)
(2742, 3867, 2994, 3723, 78441817851)
(2744, 2989, 2058, 3381, 47365134453)
(2744, 3353, 2450, 3521, 58357514761)
(2745, 2943, 2346, 3216, 46173699432)
(2751, 3785, 2534, 3888, 75044332376)
(2752, 3225, 2193, 3526, 54384298633)
(2753, 3791, 2426, 3938, 75348054448)
(2754, 3342, 2421, 3531, 58214434752)
(2754, 3753, 2881, 3680, 73748795841)
(2757, 3570, 2044, 3869, 66455385093)
(2757, 3712, 3298, 3309, 72103532221)
(2758, 2772, 2121, 3199, 42278907160)
(2760, 3136, 2163, 3469, 51865555456)
(2760, 3749, 2277, 3956, 73716774749)
(2763, 2797, 2248, 3162, 42974724520)
(2763, 3834, 3267, 3492, 77451306651)
(2766, 3681, 2097, 3954, 71038661337)
(2768, 3768, 2880, 3704, 74705329664)
(2772, 3222, 2373, 3459, 54748500696)
(2775, 3265, 2680, 3330, 56174869000)
(2776, 3057, 2118, 3433, 49960770769)
(2776, 3356, 2440, 3548, 59190086592)
(2776, 3420, 2172, 3712, 61394032576)
(2780, 3167, 2399, 3404, 53249610463)
(2780, 3394, 3090, 3144, 60581238984)
(2781, 3006, 2565, 3168, 48670469757)
(2783, 3085, 2481, 3291, 50915221812)
(2790, 3390, 2391, 3609, 60675858000)
(2790, 3624, 2403, 3813, 69312993624)
(2792, 3382, 2961, 3255, 60447436056)
(2792, 3400, 2292, 3660, 61068377088)
(2793, 3743, 2204, 3990, 74227384664)
(2794, 3155, 2595, 3294, 53216131059)
(2794, 3688, 2572, 3802, 71972938856)
(2796, 2920, 2328, 3244, 46755142336)
(2799, 3810, 3335, 3424, 77234829399)
(2800, 3050, 2100, 3450, 50324625000)
(2800, 3722, 3269, 3379, 73513923048)
(2802, 3720, 2875, 3677, 73477921608)
(2803, 3629, 3022, 3482, 69815262816)
(2803, 3686, 3170, 3427, 72102828483)
(2803, 3893, 3292, 3566, 81022798584)
(2804, 3793, 3153, 3564, 76615532721)
(2810, 3585, 2670, 3665, 68263267625)
(2811, 3208, 2235, 3532, 55226112643)
(2811, 3430, 3115, 3186, 62565344731)
(2811, 3573, 2322, 3810, 67825831248)
(2811, 3696, 2235, 3948, 72700635267)
(2811, 3838, 3019, 3714, 78746414203)
(2816, 2922, 2664, 3050, 47278755944)
(2816, 3300, 2244, 3608, 58267474496)
(2820, 3573, 2448, 3765, 68039861517)
(2822, 2955, 2048, 3411, 48276650123)
(2822, 3111, 2295, 3434, 52582772879)
(2832, 3600, 2286, 3858, 69369274368)
(2835, 3717, 2178, 3996, 74139935688)
(2836, 3491, 2403, 3720, 65354752827)
(2840, 3271, 2322, 3567, 57904175511)
(2840, 3284, 2336, 3572, 58323114304)
(2850, 3520, 3090, 3340, 66763333000)
(2851, 3656, 2027, 3994, 72040825467)
(2852, 3943, 3282, 3663, 84500697015)
(2856, 2961, 2513, 3220, 49256267697)
(2856, 3111, 2142, 3519, 53404894647)
(2857, 3396, 2025, 3784, 62485559929)
(2859, 3630, 3027, 3516, 71201272779)
(2859, 3933, 3078, 3804, 84206693016)
(2860, 3800, 3015, 3705, 78265656000)
(2864, 3550, 2011, 3917, 68230823544)
(2872, 3680, 3264, 3384, 73525390848)
(2872, 3779, 3195, 3558, 77656656987)
(2873, 3706, 2652, 3825, 74613932433)
(2875, 3677, 2802, 3720, 73477921608)
(2876, 3280, 2652, 3432, 59076029376)
(2877, 3465, 2491, 3683, 65414869758)
(2880, 3375, 2295, 3690, 62331231375)
(2880, 3704, 2768, 3768, 74705329664)
(2881, 3680, 2754, 3753, 73748795841)
(2884, 2940, 2200, 3384, 49399727104)
(2884, 3360, 2065, 3759, 61920599104)
(2887, 3704, 2431, 3926, 74879935767)
(2890, 3056, 2056, 3530, 52677968616)
(2892, 3174, 2550, 3408, 56163468312)
(2893, 2964, 2637, 3172, 50252433301)
(2893, 3611, 2542, 3800, 71297804088)
(2895, 3594, 2680, 3719, 70686175959)
(2896, 2942, 2558, 3208, 49752300024)
(2896, 3263, 2431, 3548, 59029931583)
(2897, 3031, 2254, 3440, 52159067064)
(2897, 3136, 2009, 3610, 55154367729)
(2898, 2926, 2044, 3444, 49389453568)
(2899, 3588, 2067, 3952, 70554772171)
(2903, 2921, 2180, 3392, 49387444288)
(2903, 3586, 3104, 3439, 70578562383)
(2903, 3998, 3416, 3647, 88368816319)
(2904, 3104, 2456, 3408, 54396528128)
(2907, 3862, 3435, 3466, 82167936571)
(2910, 3684, 2692, 3806, 74640888504)
(2912, 3172, 2184, 3588, 56608358976)
(2915, 3093, 2330, 3468, 54359056232)
(2916, 3030, 2232, 3462, 52613038296)
(2916, 3591, 3122, 3439, 71101865367)
(2918, 3828, 3044, 3750, 80939884184)
(2922, 3420, 2490, 3672, 64949969448)
(2922, 3578, 2525, 3795, 70754138000)
(2922, 3828, 3195, 3645, 81042201000)
(2925, 3627, 2444, 3874, 72738856008)
(2929, 3360, 2586, 3577, 63061067089)
(2930, 3569, 2057, 3956, 70614826009)
(2934, 3130, 2052, 3616, 55921213504)
(2934, 3468, 2160, 3846, 66966635736)
(2935, 3209, 2248, 3608, 58328008704)
(2944, 3450, 2346, 3772, 66579673384)
(2945, 3112, 2433, 3456, 55680359553)
(2950, 3044, 2742, 3216, 53877884184)
(2952, 3566, 2103, 3953, 71071150904)
(2953, 3123, 2395, 3489, 56209799044)
(2955, 3386, 2459, 3678, 64623610331)
(2957, 3543, 2075, 3945, 70330305500)
(2958, 3126, 2010, 3642, 56428686288)
(2959, 3351, 2617, 3573, 63537112630)
(2961, 3255, 2792, 3382, 60447436056)
(2963, 3693, 2360, 3984, 76379323904)
(2965, 3086, 2410, 3461, 55455182181)
(2968, 3108, 2289, 3535, 56167418944)
(2968, 3233, 2226, 3657, 59937433569)
(2970, 3069, 2046, 3597, 55104250509)
(2970, 3156, 2682, 3372, 57632893416)
(2971, 3072, 2196, 3547, 55215573859)
(2971, 3312, 2728, 3483, 62555011939)
(2972, 3174, 2160, 3638, 58226786072)
(2975, 3976, 3374, 3703, 89185507551)
(2976, 3300, 2698, 3494, 62294170176)
(2980, 3158, 2544, 3462, 57958212312)
(2982, 3012, 2423, 3409, 53842207896)
(2982, 3591, 2128, 3983, 72823864239)
(2984, 3148, 2252, 3592, 57766677696)
(2984, 3292, 2494, 3602, 62246572992)
(2988, 3294, 2430, 3636, 62418630456)
(2991, 3982, 3543, 3568, 89897610439)
(2992, 3508, 2260, 3880, 69954248000)
(2994, 3723, 2742, 3867, 78441817851)
(2998, 3098, 2300, 3544, 56679413184)
(3008, 3525, 2397, 3854, 71016904637)
(3014, 3553, 2552, 3817, 72232160121)
(3014, 3841, 3352, 3593, 84047119065)
(3015, 3705, 2860, 3800, 78265656000)
(3019, 3714, 2811, 3838, 78746414203)
(3022, 3352, 2686, 3580, 65261116856)
(3022, 3482, 2803, 3629, 69815262816)
(3024, 3216, 2008, 3752, 60915179520)
(3024, 3294, 2268, 3726, 63394534008)
(3027, 3516, 2859, 3630, 71201272779)
(3030, 3392, 2006, 3888, 66845339288)
(3034, 3654, 2476, 3948, 76715613568)
(3039, 3041, 2708, 3312, 56188946240)
(3044, 3216, 2628, 3512, 61467490880)
(3044, 3249, 2526, 3593, 62501956433)
(3044, 3750, 2918, 3828, 80939884184)
(3045, 3496, 3246, 3325, 70961484061)
(3050, 3541, 2509, 3848, 72772094421)
(3060, 3162, 2108, 3706, 60267063528)
(3060, 3480, 2034, 3966, 70796808000)
(3070, 3324, 2382, 3736, 65661239224)
(3072, 3600, 2448, 3936, 75647029248)
(3075, 3429, 2430, 3804, 69394369464)
(3078, 3804, 2859, 3933, 84206693016)
(3080, 3355, 2310, 3795, 66982075875)
(3086, 3586, 3308, 3400, 75502994112)
(3090, 3144, 2780, 3394, 60581238984)
(3090, 3306, 2057, 3847, 65637005616)
(3090, 3340, 2850, 3520, 66763333000)
(3091, 3398, 2220, 3867, 68766963363)
(3096, 3306, 2410, 3728, 65809205352)
(3104, 3439, 2903, 3586, 70578562383)
(3105, 3135, 2190, 3690, 60746868000)
(3106, 3123, 2595, 3502, 60423336883)
(3111, 3957, 3499, 3665, 92067365124)
(3112, 3956, 3215, 3889, 92049447744)
(3113, 3700, 3369, 3492, 80820363897)
(3115, 3186, 2811, 3430, 62565344731)
(3115, 3437, 2562, 3780, 70826720328)
(3122, 3439, 2916, 3591, 71101865367)
(3126, 3362, 2727, 3641, 68547718304)
(3129, 3934, 3465, 3682, 91518900193)
(3131, 3405, 2006, 3960, 70171352216)
(3134, 3138, 2700, 3476, 61682034176)
(3135, 3353, 2579, 3717, 68507953352)
(3135, 3872, 3399, 3674, 88861996223)
(3136, 3416, 2352, 3864, 70702474752)
(3142, 3657, 2610, 3961, 79925773681)
(3142, 3922, 3415, 3721, 91346872736)
(3150, 3255, 2170, 3815, 65742681375)
(3151, 3441, 2388, 3880, 72028747072)
(3152, 3168, 2424, 3656, 63110205440)
(3153, 3564, 2804, 3793, 76615532721)
(3154, 3477, 2565, 3838, 73410388597)
(3156, 3596, 2624, 3912, 77935473152)
(3162, 3281, 2057, 3876, 66934284569)
(3167, 3394, 2295, 3888, 70860945447)
(3168, 3174, 2661, 3555, 63770509656)
(3168, 3604, 3316, 3480, 78606450496)
(3170, 3427, 2803, 3686, 72102828483)
(3176, 3706, 3370, 3548, 82936055592)
(3177, 3252, 2550, 3681, 66458045241)
(3178, 3878, 3216, 3852, 90417587904)
(3184, 3358, 2131, 3925, 70144292216)
(3192, 3477, 2394, 3933, 74558146221)
(3194, 3447, 2375, 3918, 73540621007)
(3195, 3558, 2872, 3779, 77656656987)
(3195, 3645, 2922, 3828, 81042201000)
(3204, 3452, 2480, 3888, 74026115072)
(3207, 3282, 2271, 3840, 68335652511)
(3208, 3948, 3532, 3696, 94550682304)
(3213, 3270, 2541, 3726, 68134767597)
(3213, 3891, 3496, 3668, 92078261568)
(3215, 3889, 3112, 3956, 92049447744)
(3216, 3852, 3178, 3878, 90417587904)
(3216, 3996, 3330, 3918, 97070173632)
(3218, 3280, 2194, 3872, 68611628232)
(3236, 3325, 2682, 3717, 70646361381)
(3240, 3257, 2049, 3914, 68562639593)
(3240, 3348, 2232, 3924, 71540304192)
(3243, 3261, 2540, 3742, 68784658488)
(3246, 3325, 3045, 3496, 70961484061)
(3264, 3384, 2872, 3680, 73525390848)
(3266, 3936, 3509, 3747, 95814514952)
(3267, 3492, 2763, 3834, 77451306651)
(3267, 3505, 2533, 3951, 77928647788)
(3268, 3716, 3414, 3594, 86214630528)
(3269, 3362, 2333, 3920, 72934548037)
(3269, 3379, 2800, 3722, 73513923048)
(3270, 3273, 2136, 3921, 70027890417)
(3282, 3663, 2852, 3943, 84500697015)
(3284, 3520, 2676, 3912, 79031018304)
(3292, 3566, 2803, 3893, 81022798584)
(3296, 3366, 2742, 3764, 73943110232)
(3298, 3309, 2757, 3712, 72103532221)
(3308, 3400, 3086, 3586, 75502994112)
(3309, 3915, 3434, 3820, 96237918504)
(3312, 3344, 2336, 3936, 73724198912)
(3316, 3480, 3168, 3604, 78606450496)
(3330, 3918, 3216, 3996, 97070173632)
(3334, 3977, 3481, 3866, 99961599537)
(3335, 3424, 2799, 3810, 77234829399)
(3352, 3452, 2556, 3960, 78797831616)
(3352, 3593, 3014, 3841, 84047119065)
(3355, 3365, 2720, 3820, 75866616000)
(3366, 3844, 3567, 3673, 94936867480)
(3369, 3492, 3113, 3700, 80820363897)
(3370, 3548, 3176, 3706, 82936055592)
(3374, 3703, 2975, 3976, 89185507551)
(3399, 3674, 3135, 3872, 88861996223)
(3414, 3594, 3268, 3716, 86214630528)
(3415, 3721, 3142, 3922, 91346872736)
(3416, 3647, 2903, 3998, 88368816319)
(3434, 3820, 3309, 3915, 96237918504)
(3435, 3466, 2907, 3862, 82167936571)
(3465, 3682, 3129, 3934, 91518900193)
(3481, 3866, 3334, 3977, 99961599537)
(3496, 3668, 3213, 3891, 92078261568)
(3499, 3665, 3111, 3957, 92067365124)
(3509, 3747, 3266, 3936, 95814514952)
(3532, 3696, 3208, 3948, 94550682304)
(3543, 3568, 2991, 3982, 89897610439)
(3567, 3673, 3366, 3844, 94936867480)
done
